0.05	0.868975
0.1	0.869659
0.15	0.870697
0.2	0.871955
0.25	0.873276
0.3	0.87451
0.35	0.875527
0.4	0.876244
0.45	0.876621
0.5	0.87667
0.55	0.876442
0.6	0.87601
0.65	0.875461
0.7	0.874878
0.75	0.874327
0.8	0.873858
0.85	0.873497
0.9	0.87325
0.95	0.87311
1	0.873057
1.05	0.873069
1.1	0.873123
1.15	0.8732
1.2	0.873284
1.25	0.873364
1.3	0.873435
1.35	0.873492
1.4	0.873538
1.45	0.873571
1.5	0.873595
1.55	0.873611
1.6	0.873622
1.65	0.873629
1.7	0.873633
1.75	0.873636
1.8	0.873637
1.85	0.873638
1.9	0.873639
1.95	0.873639
2	0.873639
2.05	0.873639
2.1	0.873639
2.15	0.873639
2.2	0.873639
2.25	0.873639
2.3	0.873639
2.35	0.873639
2.4	0.873639
2.45	0.873639
2.5	0.873639
2.55	0.873639
2.6	0.873639
2.65	0.873639
2.7	0.873639
2.75	0.873639
2.8	0.873639
2.85	0.873639
2.9	0.873639
2.95	0.873639
3	0.873639
3.05	0.873639
3.1	0.873639
3.15	0.873639
3.2	0.873639
3.25	0.873639
3.3	0.873639
3.35	0.873639
3.4	0.873639
3.45	0.873639
3.5	0.873639
3.55	0.873639
3.6	0.873639
3.65	0.873639
3.7	0.873639
3.75	0.873639
3.8	0.873639
3.85	0.873639
3.9	0.873639
3.95	0.873639
4	0.873639
4.05	0.873639
4.1	0.873639
4.15	0.873639
4.2	0.873639
4.25	0.873639
4.3	0.873639
4.35	0.873639
4.4	0.873639
4.45	0.873639
4.5	0.873639
4.55	0.873639
4.6	0.873639
4.65	0.873639
4.7	0.873639
4.75	0.873639
4.8	0.873639
4.85	0.873639
4.9	0.873639
4.95	0.873639
5	0.873639
5.05	0.873639
5.1	0.873639
5.15	0.873639
5.2	0.873639
5.25	0.873639
5.3	0.873639
5.35	0.873639
5.4	0.873639
5.45	0.873639
5.5	0.87364
5.55	0.87364
5.6	0.87364
5.65	0.873641
5.7	0.873643
5.75	0.873645
5.8	0.873648
5.85	0.873654
5.9	0.873662
5.95	0.873674
6	0.873692
6.05	0.873715
6.1	0.873747
6.15	0.873788
6.2	0.873838
6.25	0.873896
6.3	0.87396
6.35	0.874025
6.4	0.874082
6.45	0.87412
6.5	0.874124
6.55	0.874077
6.6	0.873961
6.65	0.873761
6.7	0.87347
6.75	0.873089
6.8	0.872633
6.85	0.872133
6.9	0.87164
6.95	0.871216
7	0.870933
7.05	0.87086
7.1	0.871057
7.15	0.871555
7.2	0.87235
7.25	0.873396
7.3	0.874606
7.35	0.875854
7.4	0.876997
7.45	0.87789
7.5	0.878412
7.55	0.878483
7.6	0.878084
7.65	0.877255
7.7	0.876097
7.75	0.874753
7.8	0.873387
7.85	0.872156
7.9	0.871188
7.95	0.870567
8	0.870321
8.05	0.870426
8.1	0.870814
8.15	0.871393
8.2	0.872062
8.25	0.872726
8.3	0.873314
8.35	0.873779
8.4	0.874102
8.45	0.874286
8.5	0.874354
8.55	0.874333
8.6	0.874256
8.65	0.87415
8.7	0.874038
8.75	0.873935
8.8	0.873847
8.85	0.873779
8.9	0.873729
8.95	0.873694
9	0.873671
9.05	0.873657
9.1	0.873649
9.15	0.873644
9.2	0.873641
9.25	0.87364
9.3	0.87364
9.35	0.873639
9.4	0.873639
9.45	0.873639
9.5	0.873639
9.55	0.873639
9.6	0.873639
9.65	0.873639
9.7	0.873639
9.75	0.873639
9.8	0.873639
9.85	0.873639
9.9	0.873639
9.95	0.873639
10	0.873639
10.05	0.873639
10.1	0.873639
10.15	0.873639
10.2	0.873639
10.25	0.873639
10.3	0.873639
10.35	0.873639
10.4	0.873639
10.45	0.873639
10.5	0.873639
10.55	0.873639
10.6	0.873639
10.65	0.873639
10.7	0.873639
10.75	0.873639
10.8	0.873639
10.85	0.873639
10.9	0.873639
10.95	0.873639
11	0.873639
11.05	0.873639
11.1	0.873639
11.15	0.873639
11.2	0.873639
11.25	0.873639
11.3	0.873639
11.35	0.873639
11.4	0.873639
11.45	0.873639
11.5	0.873639
11.55	0.873639
11.6	0.873639
11.65	0.873639
11.7	0.873639
11.75	0.873639
11.8	0.873639
11.85	0.873639
11.9	0.873639
11.95	0.873639
12	0.873639
12.05	0.873639
12.1	0.873639
12.15	0.873639
12.2	0.873639
12.25	0.873639
12.3	0.873639
12.35	0.873639
12.4	0.873639
12.45	0.873639
12.5	0.873639
12.55	0.873639
12.6	0.873639
12.65	0.873639
12.7	0.873639
12.75	0.873639
12.8	0.873639
12.85	0.873639
12.9	0.873639
12.95	0.873639
13	0.873638
13.05	0.873638
13.1	0.873637
13.15	0.873636
13.2	0.873634
13.25	0.873631
13.3	0.873627
13.35	0.87362
13.4	0.873611
13.45	0.873598
13.5	0.873581
13.55	0.873558
13.6	0.873528
13.65	0.873492
13.7	0.873448
13.75	0.873399
13.8	0.873346
13.85	0.873295
13.9	0.873252
13.95	0.873226
14	0.873228
14.05	0.873273
14.1	0.873374
14.15	0.873541
14.2	0.873784
14.25	0.874102
14.3	0.874485
14.35	0.874912
14.4	0.875347
14.45	0.875742
14.5	0.876039
14.55	0.876177
14.6	0.876101
14.65	0.87577
14.7	0.875168
14.75	0.874312
14.8	0.873259
14.85	0.872097
14.9	0.870947
14.95	0.869943
15	0.869214
15.05	0.868868
15.1	0.868967
15.15	0.869521
15.2	0.870477
15.25	0.871727
15.3	0.873124
15.35	0.874503
15.4	0.875703
15.45	0.876598
15.5	0.877109
15.55	0.877217
15.6	0.876958
15.65	0.876414
15.7	0.875694
15.75	0.874914
15.8	0.874179
15.85	0.873567
15.9	0.873122
15.95	0.872854
16	0.872748
16.05	0.872769
16.1	0.872873
16.15	0.87302
16.2	0.873176
16.25	0.873317
16.3	0.873432
16.35	0.873516
16.4	0.873573
16.45	0.873607
16.5	0.873626
16.55	0.873635
16.6	0.873639
16.65	0.87364
16.7	0.87364
16.75	0.873639
16.8	0.873639
16.85	0.873639
16.9	0.873639
16.95	0.873639
17	0.873639
17.05	0.873639
17.1	0.873639
17.15	0.873639
17.2	0.873639
17.25	0.873639
17.3	0.873639
17.35	0.873639
17.4	0.873639
17.45	0.873639
17.5	0.873639
17.55	0.873639
17.6	0.873639
17.65	0.873639
17.7	0.873639
17.75	0.873639
17.8	0.873639
17.85	0.873639
17.9	0.873639
17.95	0.873639
18	0.873639
18.05	0.873639
18.1	0.873639
18.15	0.873639
18.2	0.873639
18.25	0.873639
18.3	0.873639
18.35	0.873639
18.4	0.873639
18.45	0.873639
18.5	0.873639
18.55	0.873639
18.6	0.873639
18.65	0.873639
18.7	0.873639
18.75	0.873639
18.8	0.873639
18.85	0.873639
18.9	0.873639
18.95	0.873639
19	0.873639
19.05	0.873639
19.1	0.873639
19.15	0.873639
19.2	0.873639
19.25	0.873639
19.3	0.873639
19.35	0.873639
19.4	0.873639
19.45	0.873639
19.5	0.873639
19.55	0.873639
19.6	0.873639
19.65	0.873639
19.7	0.873639
19.75	0.873639
19.8	0.873639
19.85	0.873639
19.9	0.873639
19.95	0.873639
20	0.873639
20.05	0.873639
20.1	0.873639
20.15	0.873639
20.2	0.873639
20.25	0.873639
20.3	0.873639
20.35	0.873639
20.4	0.87364
20.45	0.87364
20.5	0.87364
20.55	0.873641
20.6	0.873642
20.65	0.873644
20.7	0.873646
20.75	0.87365
20.8	0.873655
20.85	0.873662
20.9	0.873671
20.95	0.873684
21	0.873701
21.05	0.873723
21.1	0.873751
21.15	0.873784
21.2	0.873822
21.25	0.873864
21.3	0.873908
21.35	0.873949
21.4	0.873982
21.45	0.874
21.5	0.873992
21.55	0.873949
21.6	0.873859
21.65	0.873714
21.7	0.873507
21.75	0.873236
21.8	0.872909
21.85	0.87254
21.9	0.872158
21.95	0.871798
22	0.871508
22.05	0.871338
22.1	0.871339
22.15	0.871552
22.2	0.872001
22.25	0.872687
22.3	0.873581
22.35	0.87462
22.4	0.875711
22.45	0.876742
22.5	0.87759
22.55	0.878139
22.6	0.878303
22.65	0.878032
22.7	0.877334
22.75	0.876271
22.8	0.874955
22.85	0.873537
22.9	0.87218
22.95	0.871041
23	0.870242
23.05	0.869854
23.1	0.869889
23.15	0.870299
23.2	0.870989
23.25	0.871837
23.3	0.872713
23.35	0.873504
23.4	0.874128
23.45	0.87454
23.5	0.874739
23.55	0.874754
23.6	0.874634
23.65	0.874437
23.7	0.874215
23.75	0.87401
23.8	0.873845
23.85	0.87373
23.9	0.873661
23.95	0.873628
24	0.873618
24.05	0.873621
24.1	0.873628
24.15	0.873635
24.2	0.873639
24.25	0.873641
24.3	0.873641
24.35	0.87364
24.4	0.873639
24.45	0.873639
24.5	0.873639
24.55	0.873639
24.6	0.873639
24.65	0.873639
24.7	0.873639
24.75	0.873639
24.8	0.873639
24.85	0.873639
24.9	0.873639
24.95	0.873639
25	0.873639
25.05	0.873639
25.1	0.873639
25.15	0.873639
25.2	0.873639
25.25	0.873639
25.3	0.873639
25.35	0.873639
25.4	0.873639
25.45	0.873639
25.5	0.873639
25.55	0.873639
25.6	0.873639
25.65	0.873639
25.7	0.873639
25.75	0.873639
25.8	0.873639
25.85	0.873639
25.9	0.873639
25.95	0.873639
26	0.873639
26.05	0.873639
26.1	0.873639
26.15	0.873639
26.2	0.873639
26.25	0.873639
26.3	0.873639
26.35	0.873639
26.4	0.873639
26.45	0.873639
26.5	0.873639
26.55	0.873639
26.6	0.873639
26.65	0.873639
26.7	0.873639
26.75	0.873639
26.8	0.873639
26.85	0.873639
26.9	0.873639
26.95	0.873639
27	0.873639
27.05	0.873639
27.1	0.873639
27.15	0.873639
27.2	0.873639
27.25	0.873639
27.3	0.873639
27.35	0.873639
27.4	0.873639
27.45	0.873639
27.5	0.873639
27.55	0.873639
27.6	0.873639
27.65	0.873639
27.7	0.873639
27.75	0.873639
27.8	0.873639
27.85	0.873639
27.9	0.873639
27.95	0.873638
28	0.873638
28.05	0.873637
28.1	0.873635
28.15	0.873633
28.2	0.873631
28.25	0.873627
28.3	0.873621
28.35	0.873614
28.4	0.873604
28.45	0.873591
28.5	0.873574
28.55	0.873553
28.6	0.873528
28.65	0.873498
28.7	0.873465
28.75	0.873428
28.8	0.873391
28.85	0.873358
28.9	0.873333
28.95	0.873322
29	0.873333
29.05	0.873375
29.1	0.873456
29.15	0.873584
29.2	0.873765
29.25	0.874
29.3	0.874283
29.35	0.874604
29.4	0.874942
29.45	0.875266
29.5	0.875541
29.55	0.875723
29.6	0.875768
29.65	0.875638
29.7	0.875305
29.75	0.874757
29.8	0.874009
29.85	0.8731
29.9	0.872099
29.95	0.871098
30	0.870204
30.05	0.869526
30.1	0.869163
30.15	0.869185
30.2	0.869621
30.25	0.870451
30.3	0.871601
30.35	0.872955
30.4	0.874363
30.45	0.875666
30.5	0.876714
30.55	0.877395
30.6	0.877646
30.65	0.877466
30.7	0.876913
30.75	0.876091
30.8	0.875134
30.85	0.87418
30.9	0.87335
30.95	0.87273
31	0.872362
31.05	0.872242
31.1	0.872327
31.15	0.872554
31.2	0.87285
31.25	0.873149
31.3	0.873403
31.35	0.873586
31.4	0.873693
31.45	0.873735
31.5	0.873731
31.55	0.873705
31.6	0.873672
31.65	0.873646
31.7	0.873631
31.75	0.873626
31.8	0.873628
31.85	0.873633
31.9	0.873637
31.95	0.873641
32	0.873642
32.05	0.873641
32.1	0.87364
32.15	0.873639
32.2	0.873639
32.25	0.873639
32.3	0.873639
32.35	0.873639
32.4	0.873639
32.45	0.873639
32.5	0.873639
32.55	0.873639
32.6	0.873639
32.65	0.873639
32.7	0.873639
32.75	0.873639
32.8	0.873639
32.85	0.873639
32.9	0.873639
32.95	0.873639
33	0.873639
33.05	0.873639
33.1	0.873639
33.15	0.873639
33.2	0.873639
33.25	0.873639
33.3	0.873639
33.35	0.873639
33.4	0.873639
33.45	0.873639
33.5	0.873639
33.55	0.873639
33.6	0.873639
33.65	0.873639
33.7	0.873639
33.75	0.873639
33.8	0.873639
33.85	0.873639
33.9	0.873639
33.95	0.873639
34	0.873639
34.05	0.873639
34.1	0.873639
34.15	0.873639
34.2	0.873639
34.25	0.873639
34.3	0.873639
34.35	0.873639
34.4	0.873639
34.45	0.873639
34.5	0.873639
34.55	0.873639
34.6	0.873639
34.65	0.873639
34.7	0.873639
34.75	0.873639
34.8	0.873639
34.85	0.873639
34.9	0.873639
34.95	0.873639
35	0.873639
35.05	0.873639
35.1	0.873639
35.15	0.873639
35.2	0.873639
35.25	0.873639
35.3	0.87364
35.35	0.87364
35.4	0.87364
35.45	0.873641
35.5	0.873641
35.55	0.873642
35.6	0.873644
35.65	0.873646
35.7	0.873649
35.75	0.873653
35.8	0.873659
35.85	0.873667
35.9	0.873677
35.95	0.87369
36	0.873706
36.05	0.873725
36.1	0.873749
36.15	0.873776
36.2	0.873806
36.25	0.873837
36.3	0.873869
36.35	0.873896
36.4	0.873915
36.45	0.873921
36.5	0.873907
36.55	0.873867
36.6	0.873792
36.65	0.873677
36.7	0.873517
36.75	0.873311
36.8	0.873062
36.85	0.872779
36.9	0.87248
36.95	0.872187
37	0.871931
37.05	0.871748
37.1	0.871675
37.15	0.871748
37.2	0.871995
37.25	0.872433
37.3	0.873057
37.35	0.873843
37.4	0.874742
37.45	0.875683
37.5	0.876575
37.55	0.877318
37.6	0.877818
37.65	0.877992
37.7	0.877789
37.75	0.877198
37.8	0.876254
37.85	0.875038
37.9	0.873673
37.95	0.872304
38	0.871086
38.05	0.870154
38.1	0.869612
38.15	0.869509
38.2	0.869834
38.25	0.870522
38.3	0.871458
38.35	0.872502
38.4	0.87351
38.45	0.874358
38.5	0.874956
38.55	0.875268
38.6	0.875303
38.65	0.875114
38.7	0.874778
38.75	0.874382
38.8	0.874006
38.85	0.873705
38.9	0.873508
38.95	0.873417
39	0.873413
39.05	0.873465
39.1	0.873539
39.15	0.873609
39.2	0.873659
39.25	0.873682
39.3	0.873683
39.35	0.873671
39.4	0.873653
39.45	0.873639
39.5	0.87363
39.55	0.873629
39.6	0.873631
39.65	0.873636
39.7	0.87364
39.75	0.873642
39.8	0.873642
39.85	0.873641
39.9	0.87364
39.95	0.873639
40	0.873638
40.05	0.873639
40.1	0.873639
40.15	0.873639
40.2	0.873639
40.25	0.873639
40.3	0.873639
40.35	0.873639
40.4	0.873639
40.45	0.873639
40.5	0.873639
40.55	0.873639
40.6	0.873639
40.65	0.873639
40.7	0.873639
40.75	0.873639
40.8	0.873639
40.85	0.873639
40.9	0.873639
40.95	0.873639
41	0.873639
41.05	0.873639
41.1	0.873639
41.15	0.873639
41.2	0.873639
41.25	0.873639
41.3	0.873639
41.35	0.873639
41.4	0.873639
41.45	0.873639
41.5	0.873639
41.55	0.873639
41.6	0.873639
41.65	0.873639
41.7	0.873639
41.75	0.873639
41.8	0.873639
41.85	0.873639
41.9	0.873639
41.95	0.873639
42	0.873639
42.05	0.873639
42.1	0.873639
42.15	0.873639
42.2	0.873639
42.25	0.873639
42.3	0.873639
42.35	0.873639
42.4	0.873639
42.45	0.873639
42.5	0.873639
42.55	0.873639
42.6	0.873639
42.65	0.873639
42.7	0.873639
42.75	0.873639
42.8	0.873639
42.85	0.873638
42.9	0.873638
42.95	0.873637
43	0.873636
43.05	0.873635
43.1	0.873633
43.15	0.873631
43.2	0.873628
43.25	0.873623
43.3	0.873617
43.35	0.873609
43.4	0.8736
43.45	0.873587
43.5	0.873572
43.55	0.873553
43.6	0.873531
43.65	0.873507
43.7	0.87348
43.75	0.873453
43.8	0.873426
43.85	0.873404
43.9	0.873389
43.95	0.873387
44	0.873403
44.05	0.873442
44.1	0.873512
44.15	0.873616
44.2	0.87376
44.25	0.873943
44.3	0.874164
44.35	0.874415
44.4	0.874682
44.45	0.874947
44.5	0.875183
44.55	0.875362
44.6	0.875451
44.65	0.875417
44.7	0.875234
44.75	0.874883
44.8	0.874362
44.85	0.873685
44.9	0.872885
44.95	0.872019
45	0.87116
45.05	0.870394
45.1	0.869811
45.15	0.869494
45.2	0.869506
45.25	0.869881
45.3	0.870612
45.35	0.87165
45.4	0.872906
45.45	0.874256
45.5	0.875558
45.55	0.876667
45.6	0.877459
45.65	0.877847
45.7	0.877794
45.75	0.877324
45.8	0.876513
45.85	0.875481
45.9	0.874374
45.95	0.873338
46	0.872497
46.05	0.871939
46.1	0.871696
46.15	0.871753
46.2	0.872047
46.25	0.872488
46.3	0.872979
46.35	0.873428
46.4	0.873772
46.45	0.873978
46.5	0.874047
46.55	0.874006
46.6	0.873896
46.65	0.873765
46.7	0.873648
46.75	0.87357
46.8	0.873537
46.85	0.873543
46.9	0.873574
46.95	0.873613
47	0.873646
47.05	0.873665
47.1	0.873669
47.15	0.873662
47.2	0.87365
47.25	0.873639
47.3	0.873632
47.35	0.87363
47.4	0.873632
47.45	0.873636
47.5	0.87364
47.55	0.873642
47.6	0.873642
47.65	0.873641
47.7	0.87364
47.75	0.873639
47.8	0.873638
47.85	0.873638
47.9	0.873639
47.95	0.873639
48	0.87364
48.05	0.87364
48.1	0.873639
48.15	0.873639
48.2	0.873639
48.25	0.873639
48.3	0.873639
48.35	0.873639
48.4	0.873639
48.45	0.873639
48.5	0.873639
48.55	0.873639
48.6	0.873639
48.65	0.873639
48.7	0.873639
48.75	0.873639
48.8	0.873639
48.85	0.873639
48.9	0.873639
48.95	0.873639
49	0.873639
49.05	0.873639
49.1	0.873639
49.15	0.873639
49.2	0.873639
49.25	0.873639
49.3	0.873639
49.35	0.873639
49.4	0.873639
49.45	0.873639
49.5	0.873639
49.55	0.873639
49.6	0.873639
49.65	0.873639
49.7	0.873639
49.75	0.873639
49.8	0.873639
49.85	0.873639
49.9	0.873639
49.95	0.873639
50	0.873639


0.05	0.868943
0.1	0.869403
0.15	0.86979
0.2	0.869782
0.25	0.869092
0.3	0.867509
0.35	0.864914
0.4	0.86129
0.45	0.856715
0.5	0.851345
0.55	0.845383
0.6	0.839055
0.65	0.83258
0.7	0.826146
0.75	0.819899
0.8	0.813938
0.85	0.808313
0.9	0.803032
0.95	0.798076
1	0.793406
1.05	0.788972
1.1	0.784725
1.15	0.780619
1.2	0.776615
1.25	0.772684
1.3	0.768804
1.35	0.764959
1.4	0.761142
1.45	0.757345
1.5	0.753567
1.55	0.749807
1.6	0.746063
1.65	0.742337
1.7	0.738627
1.75	0.734936
1.8	0.731262
1.85	0.727606
1.9	0.723969
1.95	0.720349
2	0.716748
2.05	0.713164
2.1	0.709598
2.15	0.70605
2.2	0.70252
2.25	0.699008
2.3	0.695513
2.35	0.692035
2.4	0.688575
2.45	0.685133
2.5	0.681707
2.55	0.678299
2.6	0.674907
2.65	0.671533
2.7	0.668175
2.75	0.664834
2.8	0.66151
2.85	0.658203
2.9	0.654912
2.95	0.651638
3	0.648379
3.05	0.645138
3.1	0.641912
3.15	0.638703
3.2	0.635509
3.25	0.632332
3.3	0.62917
3.35	0.626024
3.4	0.622894
3.45	0.61978
3.5	0.616681
3.55	0.613598
3.6	0.61053
3.65	0.607477
3.7	0.60444
3.75	0.601418
3.8	0.598411
3.85	0.595419
3.9	0.592442
3.95	0.58948
4	0.586533
4.05	0.5836
4.1	0.580682
4.15	0.577779
4.2	0.57489
4.25	0.572016
4.3	0.569156
4.35	0.56631
4.4	0.563479
4.45	0.560661
4.5	0.557858
4.55	0.555069
4.6	0.552294
4.65	0.549532
4.7	0.546785
4.75	0.544051
4.8	0.541331
4.85	0.538624
4.9	0.535931
4.95	0.533251
5	0.530585
5.05	0.527932
5.1	0.525293
5.15	0.522667
5.2	0.520053
5.25	0.517453
5.3	0.514866
5.35	0.512292
5.4	0.50973
5.45	0.507182
5.5	0.504646
5.55	0.502123
5.6	0.499613
5.65	0.497116
5.7	0.494631
5.75	0.49216
5.8	0.489702
5.85	0.487259
5.9	0.484829
5.95	0.482416
6	0.48002
6.05	0.477644
6.1	0.475288
6.15	0.472958
6.2	0.470656
6.25	0.468387
6.3	0.466154
6.35	0.463964
6.4	0.46182
6.45	0.459727
6.5	0.45769
6.55	0.455712
6.6	0.453797
6.65	0.451948
6.7	0.450165
6.75	0.448451
6.8	0.446804
6.85	0.445222
6.9	0.443696
6.95	0.442213
7	0.440752
7.05	0.43928
7.1	0.437752
7.15	0.436113
7.2	0.434298
7.25	0.432238
7.3	0.429868
7.35	0.427135
7.4	0.424013
7.45	0.420503
7.5	0.41665
7.55	0.412532
7.6	0.408268
7.65	0.403999
7.7	0.399875
7.75	0.39604
7.8	0.392612
7.85	0.389672
7.9	0.387253
7.95	0.385337
8	0.383866
8.05	0.382745
8.1	0.381861
8.15	0.3811
8.2	0.380354
8.25	0.37954
8.3	0.378597
8.35	0.377494
8.4	0.376222
8.45	0.374793
8.5	0.37323
8.55	0.371561
8.6	0.369818
8.65	0.368025
8.7	0.366206
8.75	0.364376
8.8	0.362546
8.85	0.360722
8.9	0.358908
8.95	0.357105
9	0.355314
9.05	0.353534
9.1	0.351763
9.15	0.350003
9.2	0.348252
9.25	0.346511
9.3	0.344778
9.35	0.343054
9.4	0.341339
9.45	0.339632
9.5	0.337934
9.55	0.336244
9.6	0.334563
9.65	0.33289
9.7	0.331225
9.75	0.329569
9.8	0.327921
9.85	0.326282
9.9	0.32465
9.95	0.323027
10	0.321412
10.05	0.319805
10.1	0.318206
10.15	0.316615
10.2	0.315031
10.25	0.313456
10.3	0.311889
10.35	0.310329
10.4	0.308778
10.45	0.307234
10.5	0.305698
10.55	0.304169
10.6	0.302648
10.65	0.301135
10.7	0.299629
10.75	0.298131
10.8	0.29664
10.85	0.295157
10.9	0.293681
10.95	0.292213
11	0.290752
11.05	0.289298
11.1	0.287851
11.15	0.286412
11.2	0.28498
11.25	0.283555
11.3	0.282137
11.35	0.280727
11.4	0.279323
11.45	0.277926
11.5	0.276537
11.55	0.275154
11.6	0.273778
11.65	0.272409
11.7	0.271047
11.75	0.269692
11.8	0.268343
11.85	0.267001
11.9	0.265666
11.95	0.264338
12	0.263016
12.05	0.261701
12.1	0.260393
12.15	0.259091
12.2	0.257795
12.25	0.256506
12.3	0.255224
12.35	0.253947
12.4	0.252678
12.45	0.251414
12.5	0.250157
12.55	0.248906
12.6	0.247662
12.65	0.246423
12.7	0.245191
12.75	0.243965
12.8	0.242745
12.85	0.241532
12.9	0.240324
12.95	0.239122
13	0.237926
13.05	0.236737
13.1	0.235552
13.15	0.234374
13.2	0.233201
13.25	0.232034
13.3	0.230872
13.35	0.229714
13.4	0.228561
13.45	0.227412
13.5	0.226265
13.55	0.225121
13.6	0.223977
13.65	0.222833
13.7	0.221686
13.75	0.220535
13.8	0.219377
13.85	0.21821
13.9	0.217032
13.95	0.215841
14	0.214635
14.05	0.21341
14.1	0.212167
14.15	0.210904
14.2	0.20962
14.25	0.208316
14.3	0.206993
14.35	0.205653
14.4	0.204302
14.45	0.202946
14.5	0.201596
14.55	0.200266
14.6	0.198974
14.65	0.197743
14.7	0.196599
14.75	0.195569
14.8	0.19468
14.85	0.193955
14.9	0.193407
14.95	0.193039
15	0.192839
15.05	0.192777
15.1	0.192808
15.15	0.192874
15.2	0.192909
15.25	0.192844
15.3	0.19262
15.35	0.192189
15.4	0.191524
15.45	0.190621
15.5	0.189498
15.55	0.188195
15.6	0.186762
15.65	0.185259
15.7	0.183742
15.75	0.182261
15.8	0.180853
15.85	0.179538
15.9	0.178326
15.95	0.177211
16	0.176181
16.05	0.175219
16.1	0.174306
16.15	0.173426
16.2	0.172566
16.25	0.171716
16.3	0.17087
16.35	0.170027
16.4	0.169185
16.45	0.168343
16.5	0.167504
16.55	0.166668
16.6	0.165835
16.65	0.165006
16.7	0.164181
16.75	0.16336
16.8	0.162543
16.85	0.161731
16.9	0.160922
16.95	0.160117
17	0.159317
17.05	0.15852
17.1	0.157728
17.15	0.156939
17.2	0.156154
17.25	0.155373
17.3	0.154597
17.35	0.153824
17.4	0.153055
17.45	0.152289
17.5	0.151528
17.55	0.15077
17.6	0.150016
17.65	0.149266
17.7	0.14852
17.75	0.147777
17.8	0.147038
17.85	0.146303
17.9	0.145572
17.95	0.144844
18	0.14412
18.05	0.143399
18.1	0.142682
18.15	0.141969
18.2	0.141259
18.25	0.140553
18.3	0.13985
18.35	0.139151
18.4	0.138455
18.45	0.137763
18.5	0.137074
18.55	0.136388
18.6	0.135706
18.65	0.135028
18.7	0.134353
18.75	0.133681
18.8	0.133013
18.85	0.132348
18.9	0.131686
18.95	0.131027
19	0.130372
19.05	0.12972
19.1	0.129072
19.15	0.128426
19.2	0.127784
19.25	0.127145
19.3	0.12651
19.35	0.125877
19.4	0.125248
19.45	0.124622
19.5	0.123998
19.55	0.123378
19.6	0.122762
19.65	0.122148
19.7	0.121537
19.75	0.120929
19.8	0.120325
19.85	0.119723
19.9	0.119125
19.95	0.118529
20	0.117936
20.05	0.117347
20.1	0.11676
20.15	0.116176
20.2	0.115595
20.25	0.115017
20.3	0.114442
20.35	0.11387
20.4	0.113301
20.45	0.112734
20.5	0.112171
20.55	0.11161
20.6	0.111052
20.65	0.110497
20.7	0.109945
20.75	0.109397
20.8	0.108851
20.85	0.108309
20.9	0.10777
20.95	0.107235
21	0.106704
21.05	0.106177
21.1	0.105656
21.15	0.105141
21.2	0.104632
21.25	0.104131
21.3	0.103638
21.35	0.103154
21.4	0.102681
21.45	0.10222
21.5	0.101771
21.55	0.101335
21.6	0.100913
21.65	0.100506
21.7	0.100113
21.75	0.0997338
21.8	0.0993679
21.85	0.0990134
21.9	0.0986678
21.95	0.0983274
22	0.0979873
22.05	0.097641
22.1	0.0972805
22.15	0.0968965
22.2	0.0964781
22.25	0.0960142
22.3	0.0954938
22.35	0.0949074
22.4	0.0942487
22.45	0.0935157
22.5	0.0927121
22.55	0.0918485
22.6	0.0909422
22.65	0.0900168
22.7	0.0891004
22.75	0.0882232
22.8	0.087414
22.85	0.0866974
22.9	0.0860904
22.95	0.0856003
23	0.0852237
23.05	0.0849468
23.1	0.0847477
23.15	0.084599
23.2	0.0844717
23.25	0.0843387
23.3	0.084178
23.35	0.0839744
23.4	0.083721
23.45	0.0834177
23.5	0.0830704
23.55	0.0826886
23.6	0.0822832
23.65	0.0818645
23.7	0.081441
23.75	0.0810188
23.8	0.0806013
23.85	0.0801897
23.9	0.0797838
23.95	0.0793829
24	0.0789857
24.05	0.0785912
24.1	0.0781989
24.15	0.0778084
24.2	0.0774197
24.25	0.0770326
24.3	0.0766475
24.35	0.0762642
24.4	0.0758828
24.45	0.0755034
24.5	0.0751259
24.55	0.0747503
24.6	0.0743765
24.65	0.0740047
24.7	0.0736347
24.75	0.0732665
24.8	0.0729002
24.85	0.0725357
24.9	0.072173
24.95	0.0718121
25	0.0714531
25.05	0.0710958
25.1	0.0707404
25.15	0.0703867
25.2	0.0700347
25.25	0.0696846
25.3	0.0693362
25.35	0.0689895
25.4	0.0686446
25.45	0.0683013
25.5	0.0679598
25.55	0.0676201
25.6	0.067282
25.65	0.0669456
25.7	0.0666108
25.75	0.0662778
25.8	0.0659464
25.85	0.0656167
25.9	0.0652886
25.95	0.0649622
26	0.0646374
26.05	0.0643142
26.1	0.0639926
26.15	0.0636727
26.2	0.0633543
26.25	0.0630376
26.3	0.0627224
26.35	0.0624088
26.4	0.0620967
26.45	0.0617863
26.5	0.0614773
26.55	0.06117
26.6	0.0608641
26.65	0.0605598
26.7	0.060257
26.75	0.0599557
26.8	0.059656
26.85	0.0593577
26.9	0.0590609
26.95	0.0587656
27	0.0584718
27.05	0.0581794
27.1	0.0578886
27.15	0.0575991
27.2	0.0573111
27.25	0.0570246
27.3	0.0567395
27.35	0.0564558
27.4	0.0561735
27.45	0.0558926
27.5	0.0556132
27.55	0.0553351
27.6	0.0550585
27.65	0.0547832
27.7	0.0545093
27.75	0.0542367
27.8	0.0539655
27.85	0.0536957
27.9	0.0534272
27.95	0.05316
28	0.0528941
28.05	0.0526296
28.1	0.0523663
28.15	0.0521042
28.2	0.0518433
28.25	0.0515835
28.3	0.0513249
28.35	0.0510671
28.4	0.0508103
28.45	0.0505541
28.5	0.0502985
28.55	0.0500431
28.6	0.0497878
28.65	0.0495321
28.7	0.0492758
28.75	0.0490184
28.8	0.0487594
28.85	0.0484984
28.9	0.0482349
28.95	0.0479683
29	0.0476984
29.05	0.0474245
29.1	0.0471466
29.15	0.0468644
29.2	0.0465779
29.25	0.0462874
29.3	0.0459935
29.35	0.045697
29.4	0.0453993
29.45	0.045102
29.5	0.0448076
29.55	0.044519
29.6	0.0442396
29.65	0.0439736
29.7	0.0437254
29.75	0.0434998
29.8	0.0433012
29.85	0.0431336
29.9	0.0429997
29.95	0.0429005
30	0.0428349
30.05	0.0427988
30.1	0.0427854
30.15	0.0427853
30.2	0.0427867
30.25	0.0427765
30.3	0.0427414
30.35	0.0426697
30.4	0.0425521
30.45	0.0423831
30.5	0.0421619
30.55	0.0418927
30.6	0.041584
30.65	0.0412474
30.7	0.0408969
30.75	0.0405463
30.8	0.0402078
30.85	0.0398909
30.9	0.0396012
30.95	0.0393405
31	0.0391069
31.05	0.038896
31.1	0.0387016
31.15	0.0385177
31.2	0.0383386
31.25	0.0381602
31.3	0.03798
31.35	0.0377969
31.4	0.0376112
31.45	0.0374238
31.5	0.0372357
31.55	0.037048
31.6	0.0368614
31.65	0.0366762
31.7	0.0364925
31.75	0.03631
31.8	0.0361286
31.85	0.0359482
31.9	0.0357686
31.95	0.0355898
32	0.0354119
32.05	0.0352348
32.1	0.0350585
32.15	0.0348832
32.2	0.0347088
32.25	0.0345352
32.3	0.0343625
32.35	0.0341907
32.4	0.0340197
32.45	0.0338496
32.5	0.0336804
32.55	0.033512
32.6	0.0333444
32.65	0.0331777
32.7	0.0330118
32.75	0.0328467
32.8	0.0326824
32.85	0.032519
32.9	0.0323564
32.95	0.0321946
33	0.0320336
33.05	0.0318734
33.1	0.0317141
33.15	0.0315555
33.2	0.0313977
33.25	0.0312407
33.3	0.0310845
33.35	0.030929
33.4	0.0307744
33.45	0.0306205
33.5	0.0304674
33.55	0.030315
33.6	0.0301635
33.65	0.0300126
33.7	0.0298625
33.75	0.0297132
33.8	0.0295646
33.85	0.0294168
33.9	0.0292697
33.95	0.0291234
34	0.0289777
34.05	0.0288328
34.1	0.0286887
34.15	0.0285452
34.2	0.0284025
34.25	0.0282604
34.3	0.0281191
34.35	0.0279785
34.4	0.0278386
34.45	0.0276994
34.5	0.0275609
34.55	0.0274231
34.6	0.027286
34.65	0.0271495
34.7	0.0270138
34.75	0.0268787
34.8	0.0267443
34.85	0.0266105
34.9	0.0264775
34.95	0.0263451
35	0.0262133
35.05	0.0260823
35.1	0.0259518
35.15	0.0258221
35.2	0.025693
35.25	0.0255645
35.3	0.0254367
35.35	0.0253095
35.4	0.025183
35.45	0.0250571
35.5	0.0249318
35.55	0.0248072
35.6	0.0246833
35.65	0.02456
35.7	0.0244374
35.75	0.0243155
35.8	0.0241944
35.85	0.024074
35.9	0.0239545
35.95	0.0238359
36	0.0237183
36.05	0.0236017
36.1	0.0234864
36.15	0.0233724
36.2	0.02326
36.25	0.0231492
36.3	0.0230404
36.35	0.0229337
36.4	0.0228294
36.45	0.0227276
36.5	0.0226286
36.55	0.0225325
36.6	0.0224394
36.65	0.0223494
36.7	0.0222625
36.75	0.0221784
36.8	0.0220968
36.85	0.0220174
36.9	0.0219395
36.95	0.0218621
37	0.0217843
37.05	0.0217046
37.1	0.0216215
37.15	0.0215332
37.2	0.0214377
37.25	0.0213331
37.3	0.0212175
37.35	0.0210891
37.4	0.0209469
37.45	0.0207904
37.5	0.02062
37.55	0.0204372
37.6	0.0202447
37.65	0.0200465
37.7	0.0198475
37.75	0.0196532
37.8	0.0194695
37.85	0.0193019
37.9	0.019155
37.95	0.0190321
38	0.0189343
38.05	0.0188607
38.1	0.0188085
38.15	0.0187727
38.2	0.0187472
38.25	0.0187255
38.3	0.0187011
38.35	0.0186686
38.4	0.0186243
38.45	0.0185662
38.5	0.0184945
38.55	0.0184107
38.6	0.0183178
38.65	0.0182191
38.7	0.018118
38.75	0.0180172
38.8	0.0179188
38.85	0.0178236
38.9	0.0177317
38.95	0.0176426
39	0.0175555
39.05	0.0174695
39.1	0.0173839
39.15	0.0172982
39.2	0.0172123
39.25	0.0171263
39.3	0.0170404
39.35	0.0169548
39.4	0.0168697
39.45	0.0167852
39.5	0.0167013
39.55	0.0166178
39.6	0.0165348
39.65	0.0164523
39.7	0.0163701
39.75	0.0162882
39.8	0.0162068
39.85	0.0161257
39.9	0.0160451
39.95	0.0159649
40	0.0158851
40.05	0.0158056
40.1	0.0157266
40.15	0.015648
40.2	0.0155698
40.25	0.0154919
40.3	0.0154145
40.35	0.0153374
40.4	0.0152608
40.45	0.0151845
40.5	0.0151086
40.55	0.015033
40.6	0.0149579
40.65	0.0148831
40.7	0.0148087
40.75	0.0147347
40.8	0.014661
40.85	0.0145877
40.9	0.0145148
40.95	0.0144422
41	0.01437
41.05	0.0142982
41.1	0.0142267
41.15	0.0141556
41.2	0.0140848
41.25	0.0140144
41.3	0.0139443
41.35	0.0138746
41.4	0.0138053
41.45	0.0137362
41.5	0.0136676
41.55	0.0135992
41.6	0.0135313
41.65	0.0134636
41.7	0.0133963
41.75	0.0133293
41.8	0.0132627
41.85	0.0131964
41.9	0.0131304
41.95	0.0130648
42	0.0129995
42.05	0.0129345
42.1	0.0128698
42.15	0.0128055
42.2	0.0127415
42.25	0.0126778
42.3	0.0126144
42.35	0.0125513
42.4	0.0124886
42.45	0.0124261
42.5	0.012364
42.55	0.0123022
42.6	0.0122407
42.65	0.0121795
42.7	0.0121186
42.75	0.012058
42.8	0.0119977
42.85	0.0119378
42.9	0.0118781
42.95	0.0118187
43	0.0117595
43.05	0.0117007
43.1	0.0116422
43.15	0.0115839
43.2	0.0115258
43.25	0.011468
43.3	0.0114104
43.35	0.011353
43.4	0.0112958
43.45	0.0112387
43.5	0.0111817
43.55	0.0111247
43.6	0.0110677
43.65	0.0110106
43.7	0.0109533
43.75	0.0108958
43.8	0.0108378
43.85	0.0107795
43.9	0.0107205
43.95	0.0106609
44	0.0106005
44.05	0.0105393
44.1	0.0104772
44.15	0.0104142
44.2	0.0103504
44.25	0.0102858
44.3	0.0102206
44.35	0.010155
44.4	0.0100893
44.45	0.0100239
44.5	0.00995935
44.55	0.00989626
44.6	0.00983533
44.65	0.00977734
44.7	0.00972315
44.75	0.0096736
44.8	0.00962952
44.85	0.00959158
44.9	0.00956028
44.95	0.00953584
45	0.00951806
45.05	0.00950634
45.1	0.00949953
45.15	0.00949604
45.2	0.0094938
45.25	0.00949041
45.3	0.00948331
45.35	0.00946999
45.4	0.00944823
45.45	0.00941639
45.5	0.00937356
45.55	0.00931975
45.6	0.00925593
45.65	0.00918396
45.7	0.00910643
45.75	0.00902634
45.8	0.00894678
45.85	0.00887059
45.9	0.00879999
45.95	0.00873641
46	0.0086803
46.05	0.00863125
46.1	0.0085881
46.15	0.00854919
46.2	0.00851272
46.25	0.00847698
46.3	0.00844064
46.35	0.00840286
46.4	0.00836333
46.45	0.0083222
46.5	0.00827992
46.55	0.00823711
46.6	0.00819434
46.65	0.00815205
46.7	0.00811046
46.75	0.00806961
46.8	0.00802939
46.85	0.00798961
46.9	0.00795007
46.95	0.00791064
47	0.00787125
47.05	0.0078319
47.1	0.00779265
47.15	0.00775355
47.2	0.00771466
47.25	0.00767602
47.3	0.00763763
47.35	0.00759946
47.4	0.00756149
47.45	0.00752371
47.5	0.0074861
47.55	0.00744866
47.6	0.00741139
47.65	0.00737431
47.7	0.00733743
47.75	0.00730073
47.8	0.00726422
47.85	0.00722789
47.9	0.00719175
47.95	0.00715578
48	0.00712
48.05	0.00708439
48.1	0.00704895
48.15	0.0070137
48.2	0.00697862
48.25	0.00694372
48.3	0.006909
48.35	0.00687444
48.4	0.00684006
48.45	0.00680585
48.5	0.00677182
48.55	0.00673795
48.6	0.00670425
48.65	0.00667072
48.7	0.00663736
48.75	0.00660416
48.8	0.00657113
48.85	0.00653827
48.9	0.00650557
48.95	0.00647304
49	0.00644066
49.05	0.00640845
49.1	0.0063764
49.15	0.00634451
49.2	0.00631278
49.25	0.00628121
49.3	0.00624979
49.35	0.00621854
49.4	0.00618743
49.45	0.00615649
49.5	0.0061257
49.55	0.00609506
49.6	0.00606458
49.65	0.00603425
49.7	0.00600407
49.75	0.00597404
49.8	0.00594416
49.85	0.00591443
49.9	0.00588485
49.95	0.00585542
50	0.00582614


0.05	0.868652
0.1	0.86717
0.15	0.862141
0.2	0.852066
0.25	0.836152
0.3	0.814299
0.35	0.786994
0.4	0.755172
0.45	0.720039
0.5	0.682903
0.55	0.645023
0.6	0.6075
0.65	0.571208
0.7	0.536766
0.75	0.504547
0.8	0.474713
0.85	0.447257
0.9	0.422055
0.95	0.398916
1	0.377616
1.05	0.357929
1.1	0.339646
1.15	0.322584
1.2	0.30659
1.25	0.291538
1.3	0.277329
1.35	0.263883
1.4	0.251138
1.45	0.239042
1.5	0.227553
1.55	0.216634
1.6	0.206254
1.65	0.196384
1.7	0.186998
1.75	0.178072
1.8	0.169581
1.85	0.161506
1.9	0.153825
1.95	0.146519
2	0.13957
2.05	0.132959
2.1	0.126671
2.15	0.120689
2.2	0.114999
2.25	0.109586
2.3	0.104437
2.35	0.0995375
2.4	0.0948768
2.45	0.0904426
2.5	0.0862238
2.55	0.0822099
2.6	0.0783909
2.65	0.074757
2.7	0.0712994
2.75	0.0680092
2.8	0.0648784
2.85	0.0618991
2.9	0.0590638
2.95	0.0563655
3	0.0537975
3.05	0.0513534
3.1	0.0490272
3.15	0.046813
3.2	0.0447055
3.25	0.0426993
3.3	0.0407895
3.35	0.0389714
3.4	0.0372405
3.45	0.0355925
3.5	0.0340235
3.55	0.0325295
3.6	0.0311069
3.65	0.0297521
3.7	0.028462
3.75	0.0272333
3.8	0.026063
3.85	0.0249483
3.9	0.0238865
3.95	0.022875
4	0.0219114
4.05	0.0209933
4.1	0.0201185
4.15	0.0192849
4.2	0.0184905
4.25	0.0177335
4.3	0.0170119
4.35	0.0163241
4.4	0.0156684
4.45	0.0150434
4.5	0.0144474
4.55	0.0138791
4.6	0.0133372
4.65	0.0128204
4.7	0.0123274
4.75	0.0118571
4.8	0.0114085
4.85	0.0109805
4.9	0.010572
4.95	0.0101822
5	0.00981017
5.05	0.00945503
5.1	0.00911597
5.15	0.00879223
5.2	0.00848308
5.25	0.00818782
5.3	0.00790578
5.35	0.00763634
5.4	0.00737889
5.45	0.00713286
5.5	0.00689772
5.55	0.00667294
5.6	0.00645803
5.65	0.00625254
5.7	0.00605602
5.75	0.00586806
5.8	0.00568828
5.85	0.00551632
5.9	0.00535186
5.95	0.00519459
6	0.00504426
6.05	0.00490067
6.1	0.00476366
6.15	0.00463312
6.2	0.00450901
6.25	0.00439136
6.3	0.00428027
6.35	0.0041759
6.4	0.00407847
6.45	0.00398824
6.5	0.00390547
6.55	0.00383041
6.6	0.00376324
6.65	0.00370401
6.7	0.0036526
6.75	0.00360869
6.8	0.00357169
6.85	0.00354074
6.9	0.00351474
6.95	0.00349233
7	0.00347202
7.05	0.00345224
7.1	0.00343147
7.15	0.00340836
7.2	0.00338184
7.25	0.00335119
7.3	0.00331614
7.35	0.00327683
7.4	0.00323385
7.45	0.00318807
7.5	0.00314061
7.55	0.00309268
7.6	0.00304545
7.65	0.00299996
7.7	0.00295698
7.75	0.00291706
7.8	0.0028804
7.85	0.00284699
7.9	0.0028166
7.95	0.00278883
8	0.00276325
8.05	0.00273939
8.1	0.00271683
8.15	0.00269522
8.2	0.00267428
8.25	0.00265384
8.3	0.00263377
8.35	0.00261402
8.4	0.00259457
8.45	0.00257543
8.5	0.00255661
8.55	0.00253813
8.6	0.00252001
8.65	0.00250225
8.7	0.00248486
8.75	0.00246783
8.8	0.00245116
8.85	0.00243483
8.9	0.00241883
8.95	0.00240316
9	0.00238778
9.05	0.00237271
9.1	0.00235791
9.15	0.00234337
9.2	0.0023291
9.25	0.00231507
9.3	0.00230127
9.35	0.00228769
9.4	0.00227433
9.45	0.00226118
9.5	0.00224822
9.55	0.00223546
9.6	0.00222287
9.65	0.00221046
9.7	0.00219821
9.75	0.00218613
9.8	0.0021742
9.85	0.00216241
9.9	0.00215078
9.95	0.00213927
10	0.0021279
10.05	0.00211666
10.1	0.00210554
10.15	0.00209454
10.2	0.00208366
10.25	0.00207288
10.3	0.00206222
10.35	0.00205165
10.4	0.00204119
10.45	0.00203083
10.5	0.00202055
10.55	0.00201038
10.6	0.00200028
10.65	0.00199028
10.7	0.00198036
10.75	0.00197052
10.8	0.00196076
10.85	0.00195108
10.9	0.00194147
10.95	0.00193193
11	0.00192247
11.05	0.00191308
11.1	0.00190375
11.15	0.0018945
11.2	0.0018853
11.25	0.00187618
11.3	0.00186711
11.35	0.0018581
11.4	0.00184916
11.45	0.00184028
11.5	0.00183145
11.55	0.00182268
11.6	0.00181396
11.65	0.0018053
11.7	0.0017967
11.75	0.00178815
11.8	0.00177965
11.85	0.0017712
11.9	0.0017628
11.95	0.00175446
12	0.00174616
12.05	0.00173791
12.1	0.00172971
12.15	0.00172156
12.2	0.00171345
12.25	0.0017054
12.3	0.00169738
12.35	0.00168942
12.4	0.00168149
12.45	0.00167362
12.5	0.00166578
12.55	0.00165799
12.6	0.00165025
12.65	0.00164254
12.7	0.00163488
12.75	0.00162726
12.8	0.00161969
12.85	0.00161215
12.9	0.00160466
12.95	0.0015972
13	0.00158979
13.05	0.00158241
13.1	0.00157508
13.15	0.00156779
13.2	0.00156053
13.25	0.00155331
13.3	0.00154614
13.35	0.001539
13.4	0.0015319
13.45	0.00152483
13.5	0.0015178
13.55	0.00151081
13.6	0.00150386
13.65	0.00149694
13.7	0.00149006
13.75	0.00148321
13.8	0.0014764
13.85	0.00146962
13.9	0.00146287
13.95	0.00145615
14	0.00144947
14.05	0.00144282
14.1	0.00143619
14.15	0.00142959
14.2	0.00142303
14.25	0.00141649
14.3	0.00140997
14.35	0.00140349
14.4	0.00139703
14.45	0.0013906
14.5	0.0013842
14.55	0.00137783
14.6	0.00137149
14.65	0.00136518
14.7	0.0013589
14.75	0.00135265
14.8	0.00134644
14.85	0.00134025
14.9	0.0013341
14.95	0.00132798
15	0.00132188
15.05	0.00131582
15.1	0.00130979
15.15	0.00130378
15.2	0.0012978
15.25	0.00129185
15.3	0.00128593
15.35	0.00128003
15.4	0.00127416
15.45	0.00126832
15.5	0.0012625
15.55	0.00125671
15.6	0.00125095
15.65	0.00124521
15.7	0.0012395
15.75	0.00123382
15.8	0.00122816
15.85	0.00122253
15.9	0.00121693
15.95	0.00121135
16	0.0012058
16.05	0.00120027
16.1	0.00119477
16.15	0.00118929
16.2	0.00118384
16.25	0.00117841
16.3	0.00117301
16.35	0.00116764
16.4	0.00116228
16.45	0.00115696
16.5	0.00115166
16.55	0.00114638
16.6	0.00114112
16.65	0.00113589
16.7	0.00113069
16.75	0.00112551
16.8	0.00112035
16.85	0.00111522
16.9	0.0011101
16.95	0.00110502
17	0.00109995
17.05	0.00109491
17.1	0.0010899
17.15	0.0010849
17.2	0.00107993
17.25	0.00107498
17.3	0.00107006
17.35	0.00106515
17.4	0.00106027
17.45	0.00105542
17.5	0.00105058
17.55	0.00104577
17.6	0.00104097
17.65	0.0010362
17.7	0.00103146
17.75	0.00102673
17.8	0.00102203
17.85	0.00101734
17.9	0.00101268
17.95	0.00100804
18	0.00100342
18.05	0.000998826
18.1	0.000994249
18.15	0.000989694
18.2	0.000985159
18.25	0.000980646
18.3	0.000976153
18.35	0.00097168
18.4	0.000967228
18.45	0.000962797
18.5	0.000958385
18.55	0.000953994
18.6	0.000949624
18.65	0.000945273
18.7	0.000940942
18.75	0.000936631
18.8	0.000932339
18.85	0.000928068
18.9	0.000923816
18.95	0.000919583
19	0.00091537
19.05	0.000911176
19.1	0.000907002
19.15	0.000902846
19.2	0.00089871
19.25	0.000894592
19.3	0.000890494
19.35	0.000886414
19.4	0.000882353
19.45	0.00087831
19.5	0.000874286
19.55	0.000870281
19.6	0.000866293
19.65	0.000862324
19.7	0.000858374
19.75	0.000854441
19.8	0.000850526
19.85	0.00084663
19.9	0.000842751
19.95	0.00083889
20	0.000835047
20.05	0.000831221
20.1	0.000827413
20.15	0.000823622
20.2	0.000819849
20.25	0.000816092
20.3	0.000812354
20.35	0.000808632
20.4	0.000804927
20.45	0.000801239
20.5	0.000797569
20.55	0.000793915
20.6	0.000790277
20.65	0.000786657
20.7	0.000783053
20.75	0.000779465
20.8	0.000775894
20.85	0.00077234
20.9	0.000768801
20.95	0.000765279
21	0.000761773
21.05	0.000758283
21.1	0.000754809
21.15	0.000751351
21.2	0.000747909
21.25	0.000744482
21.3	0.000741071
21.35	0.000737676
21.4	0.000734297
21.45	0.000730932
21.5	0.000727584
21.55	0.00072425
21.6	0.000720932
21.65	0.000717629
21.7	0.000714342
21.75	0.000711069
21.8	0.000707811
21.85	0.000704569
21.9	0.000701341
21.95	0.000698127
22	0.000694929
22.05	0.000691745
22.1	0.000688576
22.15	0.000685422
22.2	0.000682281
22.25	0.000679156
22.3	0.000676044
22.35	0.000672947
22.4	0.000669864
22.45	0.000666795
22.5	0.00066374
22.55	0.000660699
22.6	0.000657672
22.65	0.000654659
22.7	0.00065166
22.75	0.000648674
22.8	0.000645703
22.85	0.000642744
22.9	0.0006398
22.95	0.000636869
23	0.000633951
23.05	0.000631046
23.1	0.000628155
23.15	0.000625278
23.2	0.000622413
23.25	0.000619561
23.3	0.000616723
23.35	0.000613898
23.4	0.000611085
23.45	0.000608285
23.5	0.000605499
23.55	0.000602725
23.6	0.000599963
23.65	0.000597215
23.7	0.000594479
23.75	0.000591755
23.8	0.000589044
23.85	0.000586345
23.9	0.000583659
23.95	0.000580985
24	0.000578323
24.05	0.000575674
24.1	0.000573036
24.15	0.000570411
24.2	0.000567798
24.25	0.000565197
24.3	0.000562607
24.35	0.00056003
24.4	0.000557464
24.45	0.00055491
24.5	0.000552368
24.55	0.000549837
24.6	0.000547318
24.65	0.000544811
24.7	0.000542315
24.75	0.00053983
24.8	0.000537357
24.85	0.000534895
24.9	0.000532445
24.95	0.000530005
25	0.000527577
25.05	0.00052516
25.1	0.000522754
25.15	0.000520359
25.2	0.000517975
25.25	0.000515602
25.3	0.00051324
25.35	0.000510889
25.4	0.000508548
25.45	0.000506218
25.5	0.000503899
25.55	0.00050159
25.6	0.000499292
25.65	0.000497005
25.7	0.000494728
25.75	0.000492461
25.8	0.000490205
25.85	0.00048796
25.9	0.000485724
25.95	0.000483499
26	0.000481284
26.05	0.000479079
26.1	0.000476884
26.15	0.000474699
26.2	0.000472524
26.25	0.000470359
26.3	0.000468205
26.35	0.000466059
26.4	0.000463924
26.45	0.000461799
26.5	0.000459683
26.55	0.000457577
26.6	0.000455481
26.65	0.000453394
26.7	0.000451317
26.75	0.000449249
26.8	0.000447191
26.85	0.000445142
26.9	0.000443103
26.95	0.000441073
27	0.000439052
27.05	0.000437041
27.1	0.000435039
27.15	0.000433045
27.2	0.000431062
27.25	0.000429087
27.3	0.000427121
27.35	0.000425164
27.4	0.000423216
27.45	0.000421277
27.5	0.000419347
27.55	0.000417426
27.6	0.000415514
27.65	0.00041361
27.7	0.000411715
27.75	0.000409829
27.8	0.000407951
27.85	0.000406082
27.9	0.000404222
27.95	0.00040237
28	0.000400527
28.05	0.000398692
28.1	0.000396865
28.15	0.000395047
28.2	0.000393237
28.25	0.000391435
28.3	0.000389642
28.35	0.000387857
28.4	0.00038608
28.45	0.000384311
28.5	0.000382551
28.55	0.000380798
28.6	0.000379053
28.65	0.000377317
28.7	0.000375588
28.75	0.000373868
28.8	0.000372155
28.85	0.00037045
28.9	0.000368753
28.95	0.000367063
29	0.000365381
29.05	0.000363708
29.1	0.000362041
29.15	0.000360383
29.2	0.000358732
29.25	0.000357088
29.3	0.000355452
29.35	0.000353824
29.4	0.000352203
29.45	0.000350589
29.5	0.000348983
29.55	0.000347384
29.6	0.000345793
29.65	0.000344208
29.7	0.000342631
29.75	0.000341062
29.8	0.000339499
29.85	0.000337944
29.9	0.000336396
29.95	0.000334854
30	0.00033332
30.05	0.000331793
30.1	0.000330273
30.15	0.00032876
30.2	0.000327254
30.25	0.000325755
30.3	0.000324262
30.35	0.000322777
30.4	0.000321298
30.45	0.000319826
30.5	0.000318361
30.55	0.000316902
30.6	0.00031545
30.65	0.000314005
30.7	0.000312566
30.75	0.000311134
30.8	0.000309709
30.85	0.00030829
30.9	0.000306878
30.95	0.000305472
31	0.000304072
31.05	0.000302679
31.1	0.000301293
31.15	0.000299912
31.2	0.000298538
31.25	0.00029717
31.3	0.000295809
31.35	0.000294454
31.4	0.000293105
31.45	0.000291762
31.5	0.000290425
31.55	0.000289095
31.6	0.00028777
31.65	0.000286452
31.7	0.00028514
31.75	0.000283833
31.8	0.000282533
31.85	0.000281238
31.9	0.00027995
31.95	0.000278667
32	0.000277391
32.05	0.00027612
32.1	0.000274855
32.15	0.000273596
32.2	0.000272342
32.25	0.000271095
32.3	0.000269853
32.35	0.000268616
32.4	0.000267386
32.45	0.000266161
32.5	0.000264941
32.55	0.000263727
32.6	0.000262519
32.65	0.000261317
32.7	0.000260119
32.75	0.000258928
32.8	0.000257741
32.85	0.000256561
32.9	0.000255385
32.95	0.000254215
33	0.00025305
33.05	0.000251891
33.1	0.000250737
33.15	0.000249588
33.2	0.000248445
33.25	0.000247307
33.3	0.000246174
33.35	0.000245046
33.4	0.000243923
33.45	0.000242806
33.5	0.000241693
33.55	0.000240586
33.6	0.000239484
33.65	0.000238387
33.7	0.000237295
33.75	0.000236207
33.8	0.000235125
33.85	0.000234048
33.9	0.000232976
33.95	0.000231908
34	0.000230846
34.05	0.000229788
34.1	0.000228736
34.15	0.000227688
34.2	0.000226645
34.25	0.000225606
34.3	0.000224573
34.35	0.000223544
34.4	0.00022252
34.45	0.0002215
34.5	0.000220485
34.55	0.000219475
34.6	0.00021847
34.65	0.000217469
34.7	0.000216473
34.75	0.000215481
34.8	0.000214494
34.85	0.000213511
34.9	0.000212533
34.95	0.000211559
35	0.00021059
35.05	0.000209625
35.1	0.000208665
35.15	0.000207709
35.2	0.000206757
35.25	0.00020581
35.3	0.000204867
35.35	0.000203928
35.4	0.000202994
35.45	0.000202064
35.5	0.000201138
35.55	0.000200217
35.6	0.0001993
35.65	0.000198387
35.7	0.000197478
35.75	0.000196573
35.8	0.000195672
35.85	0.000194776
35.9	0.000193884
35.95	0.000192995
36	0.000192111
36.05	0.000191231
36.1	0.000190355
36.15	0.000189483
36.2	0.000188615
36.25	0.000187751
36.3	0.00018689
36.35	0.000186034
36.4	0.000185182
36.45	0.000184334
36.5	0.000183489
36.55	0.000182648
36.6	0.000181812
36.65	0.000180979
36.7	0.00018015
36.75	0.000179324
36.8	0.000178503
36.85	0.000177685
36.9	0.000176871
36.95	0.000176061
37	0.000175254
37.05	0.000174451
37.1	0.000173652
37.15	0.000172856
37.2	0.000172064
37.25	0.000171276
37.3	0.000170491
37.35	0.00016971
37.4	0.000168933
37.45	0.000168159
37.5	0.000167388
37.55	0.000166622
37.6	0.000165858
37.65	0.000165098
37.7	0.000164342
37.75	0.000163589
37.8	0.00016284
37.85	0.000162094
37.9	0.000161351
37.95	0.000160612
38	0.000159876
38.05	0.000159143
38.1	0.000158414
38.15	0.000157689
38.2	0.000156966
38.25	0.000156247
38.3	0.000155531
38.35	0.000154819
38.4	0.000154109
38.45	0.000153403
38.5	0.000152701
38.55	0.000152001
38.6	0.000151305
38.65	0.000150611
38.7	0.000149921
38.75	0.000149235
38.8	0.000148551
38.85	0.00014787
38.9	0.000147193
38.95	0.000146518
39	0.000145847
39.05	0.000145179
39.1	0.000144514
39.15	0.000143852
39.2	0.000143193
39.25	0.000142537
39.3	0.000141884
39.35	0.000141234
39.4	0.000140587
39.45	0.000139943
39.5	0.000139301
39.55	0.000138663
39.6	0.000138028
39.65	0.000137396
39.7	0.000136766
39.75	0.00013614
39.8	0.000135516
39.85	0.000134895
39.9	0.000134277
39.95	0.000133662
40	0.00013305
40.05	0.00013244
40.1	0.000131833
40.15	0.000131229
40.2	0.000130628
40.25	0.00013003
40.3	0.000129434
40.35	0.000128841
40.4	0.000128251
40.45	0.000127663
40.5	0.000127078
40.55	0.000126496
40.6	0.000125916
40.65	0.00012534
40.7	0.000124765
40.75	0.000124194
40.8	0.000123625
40.85	0.000123058
40.9	0.000122495
40.95	0.000121933
41	0.000121375
41.05	0.000120819
41.1	0.000120265
41.15	0.000119714
41.2	0.000119166
41.25	0.00011862
41.3	0.000118076
41.35	0.000117535
41.4	0.000116997
41.45	0.000116461
41.5	0.000115927
41.55	0.000115396
41.6	0.000114868
41.65	0.000114341
41.7	0.000113818
41.75	0.000113296
41.8	0.000112777
41.85	0.00011226
41.9	0.000111746
41.95	0.000111234
42	0.000110724
42.05	0.000110217
42.1	0.000109712
42.15	0.00010921
42.2	0.000108709
42.25	0.000108211
42.3	0.000107715
42.35	0.000107222
42.4	0.000106731
42.45	0.000106242
42.5	0.000105755
42.55	0.000105271
42.6	0.000104788
42.65	0.000104308
42.7	0.00010383
42.75	0.000103355
42.8	0.000102881
42.85	0.00010241
42.9	0.000101941
42.95	0.000101474
43	0.000101009
43.05	0.000100546
43.1	0.000100085
43.15	9.96268e-05
43.2	9.91703e-05
43.25	9.8716e-05
43.3	9.82638e-05
43.35	9.78136e-05
43.4	9.73654e-05
43.45	9.69194e-05
43.5	9.64754e-05
43.55	9.60334e-05
43.6	9.55934e-05
43.65	9.51554e-05
43.7	9.47195e-05
43.75	9.42856e-05
43.8	9.38536e-05
43.85	9.34236e-05
43.9	9.29956e-05
43.95	9.25696e-05
44	9.21455e-05
44.05	9.17233e-05
44.1	9.13031e-05
44.15	9.08848e-05
44.2	9.04684e-05
44.25	9.00539e-05
44.3	8.96414e-05
44.35	8.92307e-05
44.4	8.88219e-05
44.45	8.8415e-05
44.5	8.80099e-05
44.55	8.76067e-05
44.6	8.72053e-05
44.65	8.68058e-05
44.7	8.64081e-05
44.75	8.60123e-05
44.8	8.56182e-05
44.85	8.5226e-05
44.9	8.48355e-05
44.95	8.44468e-05
45	8.406e-05
45.05	8.36748e-05
45.1	8.32915e-05
45.15	8.29099e-05
45.2	8.25301e-05
45.25	8.2152e-05
45.3	8.17756e-05
45.35	8.14009e-05
45.4	8.1028e-05
45.45	8.06568e-05
45.5	8.02873e-05
45.55	7.99194e-05
45.6	7.95533e-05
45.65	7.91888e-05
45.7	7.8826e-05
45.75	7.84649e-05
45.8	7.81054e-05
45.85	7.77476e-05
45.9	7.73914e-05
45.95	7.70369e-05
46	7.66839e-05
46.05	7.63326e-05
46.1	7.59829e-05
46.15	7.56348e-05
46.2	7.52883e-05
46.25	7.49433e-05
46.3	7.46e-05
46.35	7.42582e-05
46.4	7.3918e-05
46.45	7.35794e-05
46.5	7.32423e-05
46.55	7.29067e-05
46.6	7.25727e-05
46.65	7.22402e-05
46.7	7.19093e-05
46.75	7.15798e-05
46.8	7.12519e-05
46.85	7.09255e-05
46.9	7.06005e-05
46.95	7.02771e-05
47	6.99551e-05
47.05	6.96346e-05
47.1	6.93156e-05
47.15	6.8998e-05
47.2	6.86819e-05
47.25	6.83673e-05
47.3	6.80541e-05
47.35	6.77423e-05
47.4	6.74319e-05
47.45	6.7123e-05
47.5	6.68155e-05
47.55	6.65094e-05
47.6	6.62047e-05
47.65	6.59013e-05
47.7	6.55994e-05
47.75	6.52989e-05
47.8	6.49997e-05
47.85	6.47019e-05
47.9	6.44055e-05
47.95	6.41105e-05
48	6.38167e-05
48.05	6.35244e-05
48.1	6.32333e-05
48.15	6.29436e-05
48.2	6.26553e-05
48.25	6.23682e-05
48.3	6.20825e-05
48.35	6.17981e-05
48.4	6.1515e-05
48.45	6.12331e-05
48.5	6.09526e-05
48.55	6.06733e-05
48.6	6.03954e-05
48.65	6.01187e-05
48.7	5.98433e-05
48.75	5.95691e-05
48.8	5.92962e-05
48.85	5.90245e-05
48.9	5.87541e-05
48.95	5.84849e-05
49	5.8217e-05
49.05	5.79503e-05
49.1	5.76848e-05
49.15	5.74205e-05
49.2	5.71574e-05
49.25	5.68956e-05
49.3	5.66349e-05
49.35	5.63755e-05
49.4	5.61172e-05
49.45	5.58601e-05
49.5	5.56042e-05
49.55	5.53494e-05
49.6	5.50958e-05
49.65	5.48434e-05
49.7	5.45922e-05
49.75	5.43421e-05
49.8	5.40931e-05
49.85	5.38453e-05
49.9	5.35986e-05
49.95	5.3353e-05
50	5.31086e-05


