0.05	9.78711e-05
0.1	0.000279672
0.15	0.000464404
0.2	0.000688201
0.25	0.000895676
0.3	0.0010526
0.35	0.00120994
0.4	0.00135916
0.45	0.00148807
0.5	0.00162427
0.55	0.00174936
0.6	0.00185201
0.65	0.00195621
0.7	0.00205308
0.75	0.00213789
0.8	0.00222633
0.85	0.00230668
0.9	0.00237488
0.95	0.0024446
1	0.00247314
1.05	0.00244219
1.1	0.00238791
1.15	0.00231108
1.2	0.00224912
1.25	0.00219484
1.3	0.00213524
1.35	0.00208836
1.4	0.00204385
1.45	0.00199159
1.5	0.00194872
1.55	0.00190954
1.6	0.00186674
1.65	0.00183227
1.7	0.0017994
1.75	0.00176255
1.8	0.00173231
1.85	0.00170391
1.9	0.00167355
1.95	0.00164901
2	0.00164119
2.05	0.00167391
2.1	0.00166421
2.15	0.00168123
2.2	0.00171855
2.25	0.00171148
2.3	0.00170883
2.35	0.00171397
2.4	0.00169581
2.45	0.00168883
2.5	0.00168574
2.55	0.00166326
2.6	0.00164858
2.65	0.00163605
2.7	0.00161217
2.75	0.00159809
2.8	0.0015853
2.85	0.00156311
2.9	0.00154791
2.95	0.00153258
3	0.00155885
3.05	0.00168473
3.1	0.00183234
3.15	0.00199306
3.2	0.002146
3.25	0.00227455
3.3	0.00238812
3.35	0.00249259
3.4	0.0025891
3.45	0.0026812
3.5	0.00276551
3.55	0.00283901
3.6	0.0029045
3.65	0.00296322
3.7	0.0030158
3.75	0.00306265
3.8	0.00310233
3.85	0.00313576
3.9	0.00316507
3.95	0.00319003
4	0.00318559
4.05	0.00313044
4.1	0.00304686
4.15	0.00295529
4.2	0.00287202
4.25	0.00278829
4.3	0.00270879
4.35	0.00263589
4.4	0.00256003
4.45	0.00248543
4.5	0.00241554
4.55	0.00234574
4.6	0.00228036
4.65	0.00222036
4.7	0.002161
4.75	0.0021062
4.8	0.00205712
4.85	0.0020097
4.9	0.00196614
4.95	0.00192733
5	0.00188643
5.05	0.00186065
5.1	0.00179696
5.15	0.00174868
5.2	0.00172755
5.25	0.00167864
5.3	0.0016334
5.35	0.00160289
5.4	0.0015572
5.45	0.0015188
5.5	0.00149215
5.55	0.00145522
5.6	0.00142313
5.65	0.00139768
5.7	0.00136497
5.75	0.00133757
5.8	0.00131496
5.85	0.00128662
5.9	0.00126267
5.95	0.00124253
6	0.00126412
6.05	0.00138995
6.1	0.0015357
6.15	0.00170191
6.2	0.00186414
6.25	0.00199451
6.3	0.00210915
6.35	0.00221569
6.4	0.00231193
6.45	0.00240496
6.5	0.00248899
6.55	0.00255875
6.6	0.00262141
6.65	0.00267685
6.7	0.00272415
6.75	0.00276684
6.8	0.00280224
6.85	0.00283139
6.9	0.00285967
6.95	0.00288463
7	0.00288878
7.05	0.00286129
7.1	0.00281666
7.15	0.00276471
7.2	0.00271878
7.25	0.0026739
7.3	0.00263135
7.35	0.00259335
7.4	0.00255212
7.45	0.00250911
7.5	0.00246776
7.55	0.00242464
7.6	0.00238314
7.65	0.00234529
7.7	0.00230723
7.75	0.00227237
7.8	0.00224282
7.85	0.00221411
7.9	0.00218733
7.95	0.00216425
8	0.00212645
8.05	0.00207816
8.1	0.00198558
8.15	0.00190574
8.2	0.0018538
8.25	0.00177887
8.3	0.00171141
8.35	0.00165959
8.4	0.00159342
8.45	0.00153578
8.5	0.00149104
8.55	0.00143742
8.6	0.00138987
8.65	0.00135023
8.7	0.00130511
8.75	0.00126647
8.8	0.00123348
8.85	0.00119653
8.9	0.00116532
8.95	0.00113826
9	0.00115487
9.05	0.0012802
9.1	0.00141997
9.15	0.00158254
9.2	0.00174496
9.25	0.00187135
9.3	0.00198241
9.35	0.00208792
9.4	0.00218172
9.45	0.0022734
9.5	0.00235749
9.55	0.00242579
9.6	0.00248733
9.65	0.0025423
9.7	0.00258828
9.75	0.00263035
9.8	0.00266545
9.85	0.00269323
9.9	0.00272043
9.95	0.00274432
10	0.00275686
10.05	0.00275738
10.1	0.00275097
10.15	0.00273898
10.2	0.00272811
10.25	0.00271631
10.3	0.00270282
10.35	0.00269006
10.4	0.0026748
10.45	0.00265588
10.5	0.002635
10.55	0.00261154
10.6	0.00258747
10.65	0.00256435
10.7	0.00254064
10.75	0.00251839
10.8	0.00249911
10.85	0.00248029
10.9	0.0024624
10.95	0.00244681
11	0.00240662
11.05	0.00233541
11.1	0.00221621
11.15	0.002105
11.2	0.00202236
11.25	0.00192254
11.3	0.00183248
11.35	0.00175951
11.4	0.00167364
11.45	0.00159608
11.5	0.00153268
11.55	0.00146255
11.6	0.00139953
11.65	0.00134596
11.7	0.00128827
11.75	0.00123795
11.8	0.00119519
11.85	0.00114975
11.9	0.00111029
11.95	0.00107608
12	0.0010829
12.05	0.00119467
12.1	0.00131418
12.15	0.00145909
12.2	0.00160841
12.25	0.00171909
12.3	0.00181666
12.35	0.00191141
12.4	0.00199274
12.45	0.00207418
12.5	0.00215079
12.55	0.00221092
12.6	0.00226576
12.65	0.00231554
12.7	0.00235573
12.75	0.00239308
12.8	0.00242433
12.85	0.00244774
12.9	0.00247147
12.95	0.0024925
13	0.0025132
13.05	0.00254469
13.1	0.00257866
13.15	0.00261002
13.2	0.00263844
13.25	0.00266238
13.3	0.00268086
13.35	0.0026967
13.4	0.00270997
13.45	0.00271827
13.5	0.0027214
13.55	0.00272033
13.6	0.00271664
13.65	0.00271144
13.7	0.00270473
13.75	0.00269781
13.8	0.00269156
13.85	0.00268489
13.9	0.00267826
13.95	0.00267257
14	0.00263572
14.05	0.00255242
14.1	0.00242018
14.15	0.00229111
14.2	0.00218935
14.25	0.00207609
14.3	0.00197375
14.35	0.0018885
14.4	0.00179216
14.45	0.00170314
14.5	0.00162821
14.55	0.0015486
14.6	0.00147644
14.65	0.0014143
14.7	0.0013494
14.75	0.00129222
14.8	0.00124369
14.85	0.00119376
14.9	0.00114966
14.95	0.00111141
15	0.00110938
15.05	0.00120298
15.1	0.00129555
15.15	0.00141443
15.2	0.00154271
15.25	0.00163105
15.3	0.00170898
15.35	0.00178734
15.4	0.00185074
15.45	0.00191627
15.5	0.00198015
15.55	0.00202738
15.6	0.00207097
15.65	0.00211141
15.7	0.00214196
15.75	0.00217098
15.8	0.0021952
15.85	0.00221137
15.9	0.00222879
15.95	0.00224432
16	0.00227082
16.05	0.00233195
16.1	0.00240357
16.15	0.00247641
16.2	0.00254327
16.25	0.00260088
16.3	0.0026494
16.35	0.00269248
16.4	0.00273231
16.45	0.00276628
16.5	0.00279241
16.55	0.00281232
16.6	0.00282774
16.65	0.00283942
16.7	0.00284838
16.75	0.00285557
16.8	0.00286115
16.85	0.0028652
16.9	0.0028685
16.95	0.00287144
17	0.00283875
17.05	0.00274917
17.1	0.00261261
17.15	0.00247506
17.2	0.00236228
17.25	0.00224318
17.3	0.00213525
17.35	0.00204347
17.4	0.00194258
17.45	0.00184771
17.5	0.00176592
17.55	0.00168121
17.6	0.00160385
17.65	0.00153643
17.7	0.00146747
17.75	0.00140621
17.8	0.00135417
17.85	0.00130182
17.9	0.001255
17.95	0.0012143
18	0.00120176
18.05	0.00126929
18.1	0.00132622
18.15	0.00140916
18.2	0.00150671
18.25	0.00156487
18.3	0.00161607
18.35	0.00167138
18.4	0.00171079
18.45	0.00175436
18.5	0.00179984
18.55	0.00182927
18.6	0.00185707
18.65	0.00188405
18.7	0.00190138
18.75	0.00191879
18.8	0.00193326
18.85	0.00193989
18.9	0.00194886
18.95	0.00195705
19	0.00198687
19.05	0.00207425
19.1	0.00217825
19.15	0.00228804
19.2	0.00239017
19.25	0.00247752
19.3	0.00255278
19.35	0.0026206
19.4	0.00268405
19.45	0.00274135
19.5	0.00278896
19.55	0.00282817
19.6	0.00286139
19.65	0.00288909
19.7	0.00291271
19.75	0.00293331
19.8	0.00295027
19.85	0.00296444
19.9	0.00297735
19.95	0.00298874
20	0.00296356
20.05	0.00287785
20.1	0.0027497
20.15	0.00261714
20.2	0.00250561
20.25	0.00239186
20.3	0.0022884
20.35	0.00219914
20.4	0.00210268
20.45	0.0020105
20.5	0.00192944
20.55	0.00184673
20.6	0.00177062
20.65	0.00170365
20.7	0.00163607
20.75	0.00157565
20.8	0.00152432
20.85	0.00147351
20.9	0.00142762
20.95	0.00138772
21	0.0013664
21.05	0.00140551
21.1	0.00142406
21.15	0.00146686
21.2	0.00152905
21.25	0.0015539
21.3	0.00157552
21.35	0.00160484
21.4	0.00161774
21.45	0.00163654
21.5	0.00166069
21.55	0.00166989
21.6	0.00167956
21.65	0.00169084
21.7	0.00169303
21.75	0.00169698
21.8	0.0017001
21.85	0.00169593
21.9	0.0016951
21.95	0.00169474
22	0.00172532
22.05	0.00183378
22.1	0.00196251
22.15	0.0021018
22.2	0.00223314
22.25	0.00234379
22.3	0.00244005
22.35	0.00252776
22.4	0.00260954
22.45	0.00268542
22.5	0.00275063
22.55	0.00280518
22.6	0.00285272
22.65	0.00289344
22.7	0.00292866
22.75	0.00295993
22.8	0.00298589
22.85	0.00300775
22.9	0.00302806
22.95	0.00304593
23	0.00302919
23.05	0.00295478
23.1	0.00284478
23.15	0.00272809
23.2	0.00262784
23.25	0.00252818
23.3	0.00243695
23.35	0.0023572
23.4	0.00227202
23.45	0.00218915
23.5	0.00211472
23.55	0.00203937
23.6	0.00196936
23.65	0.00190709
23.7	0.00184481
23.75	0.00178875
23.8	0.00174103
23.85	0.00169438
23.9	0.00165183
23.95	0.00161478
24	0.00158518
24.05	0.00159315
24.1	0.00157123
24.15	0.00157071
24.2	0.00159369
24.25	0.00158293
24.3	0.00157279
24.35	0.00157374
24.4	0.00155838
24.45	0.00155031
24.5	0.00155083
24.55	0.00153805
24.6	0.00152782
24.65	0.00152167
24.7	0.00150736
24.75	0.00149654
24.8	0.00148719
24.85	0.00147143
24.9	0.00145999
24.95	0.00145034
25	0.00147863
25.05	0.00160073
25.1	0.00174408
25.15	0.00190272
25.2	0.00205462
25.25	0.00218009
25.3	0.00228988
25.35	0.00239107
25.4	0.00248453
25.45	0.00257294
25.5	0.00265072
25.55	0.00271578
25.6	0.00277336
25.65	0.00282354
25.7	0.00286685
25.75	0.00290577
25.8	0.00293824
25.85	0.00296536
25.9	0.00299099
25.95	0.00301355
26	0.00300668
26.05	0.00295162
26.1	0.00286955
26.15	0.00277976
26.2	0.00270134
26.25	0.00262473
26.3	0.00255381
26.35	0.00249106
26.4	0.00242433
26.45	0.00235782
26.5	0.00229653
26.55	0.00223442
26.6	0.00217596
26.65	0.00212332
26.7	0.00207088
26.75	0.00202333
26.8	0.0019828
26.85	0.0019435
26.9	0.00190733
26.95	0.00187585
27	0.00184063
27.05	0.00181926
27.1	0.00175988
27.15	0.00171802
27.2	0.00170267
27.25	0.00165831
27.3	0.00161812
27.35	0.00159182
27.4	0.00154982
27.45	0.00151597
27.5	0.00149336
27.55	0.00145942
27.6	0.0014299
27.65	0.00140665
27.7	0.00137641
27.75	0.00135121
27.8	0.00132973
27.85	0.00130293
27.9	0.00128121
27.95	0.00126258
28	0.00128625
28.05	0.00141419
28.1	0.00156151
28.15	0.00172834
28.2	0.00189094
28.25	0.00202193
28.3	0.00213697
28.35	0.00224435
28.4	0.00234201
28.45	0.00243594
28.5	0.00252023
28.55	0.00259004
28.6	0.00265248
28.65	0.00270758
28.7	0.0027546
28.75	0.00279724
28.8	0.00283287
28.85	0.00286204
28.9	0.00289003
28.95	0.00291469
29	0.0029176
29.05	0.00288744
29.1	0.0028399
29.15	0.00278498
29.2	0.00273627
29.25	0.00268893
29.3	0.00264391
29.35	0.00260345
29.4	0.00256
29.45	0.00251479
29.5	0.00247129
29.55	0.00242644
29.6	0.00238327
29.65	0.00234363
29.7	0.00230402
29.75	0.00226771
29.8	0.00223662
29.85	0.00220658
29.9	0.00217862
29.95	0.00215426
30	0.00211533
30.05	0.00206715
30.1	0.00197481
30.15	0.0018955
30.2	0.00184446
30.25	0.00176996
30.3	0.00170271
30.35	0.00165141
30.4	0.00158555
30.45	0.0015282
30.5	0.00148398
30.55	0.00143067
30.6	0.00138329
30.65	0.00134402
30.7	0.00129914
30.75	0.00126058
30.8	0.0012278
30.85	0.00119098
30.9	0.00115979
30.95	0.00113286
31	0.00114938
31.05	0.0012741
31.1	0.00141374
31.15	0.00157632
31.2	0.0017384
31.25	0.00186472
31.3	0.00197592
31.35	0.0020814
31.4	0.00217523
31.45	0.00226706
31.5	0.00235118
31.55	0.00241953
31.6	0.00248124
31.65	0.00253639
31.7	0.00258252
31.75	0.00262479
31.8	0.00266015
31.85	0.0026882
31.9	0.00271568
31.95	0.00273994
32	0.00275221
32.05	0.00275112
32.1	0.00274256
32.15	0.00272829
32.2	0.0027154
32.25	0.00270182
32.3	0.00268682
32.35	0.00267274
32.4	0.00265617
32.45	0.00263607
32.5	0.00261419
32.55	0.00258985
32.6	0.00256507
32.65	0.00254137
32.7	0.00251712
32.75	0.00249448
32.8	0.00247492
32.85	0.00245586
32.9	0.00243785
32.95	0.00242218
33	0.00238272
33.05	0.00231369
33.1	0.00219673
33.15	0.00208797
33.2	0.0020078
33.25	0.00191003
33.3	0.0018218
33.35	0.00175061
33.4	0.00166641
33.45	0.00159043
33.5	0.00152858
33.55	0.00145986
33.6	0.0013981
33.65	0.00134573
33.7	0.00128915
33.75	0.00123981
33.8	0.00119792
33.85	0.00115329
33.9	0.00111455
33.95	0.00108101
34	0.00108898
34.05	0.0012025
34.1	0.00132413
34.15	0.00147102
34.2	0.00162195
34.25	0.00173426
34.3	0.0018333
34.35	0.00192929
34.4	0.00201186
34.45	0.00209439
34.5	0.00217187
34.55	0.00223283
34.6	0.00228838
34.65	0.00233874
34.7	0.00237948
34.75	0.00241728
34.8	0.0024489
34.85	0.00247266
34.9	0.00249665
34.95	0.0025179
35	0.0025381
35.05	0.0025676
35.1	0.00259902
35.15	0.00262758
35.2	0.0026534
35.25	0.00267501
35.3	0.00269136
35.35	0.00270526
35.4	0.00271659
35.45	0.00272302
35.5	0.00272444
35.55	0.00272177
35.6	0.0027166
35.65	0.00271005
35.7	0.00270204
35.75	0.00269393
35.8	0.00268662
35.85	0.00267895
35.9	0.00267137
35.95	0.0026648
36	0.00262725
36.05	0.00254392
36.1	0.00241165
36.15	0.00228287
36.2	0.00218154
36.25	0.0020684
36.3	0.00196616
36.35	0.00188106
36.4	0.00178477
36.45	0.0016959
36.5	0.00162118
36.55	0.00154166
36.6	0.00146961
36.65	0.00140759
36.7	0.00134274
36.75	0.00128561
36.8	0.0012371
36.85	0.00118711
36.9	0.001143
36.95	0.00110471
37	0.00110288
37.05	0.0011973
37.1	0.00129131
37.15	0.00141167
37.2	0.00154114
37.25	0.00163074
37.3	0.00170978
37.35	0.00178907
37.4	0.0018535
37.45	0.00191998
37.5	0.00198462
37.55	0.00203264
37.6	0.00207692
37.65	0.00211794
37.7	0.00214911
37.75	0.00217867
37.8	0.00220336
37.85	0.00222002
37.9	0.00223788
37.95	0.00225381
38	0.00227999
38.05	0.0023393
38.1	0.00240868
38.15	0.00247903
38.2	0.00254357
38.25	0.0025992
38.3	0.00264598
38.35	0.00268748
38.4	0.0027258
38.45	0.00275832
38.5	0.00278316
38.55	0.00280192
38.6	0.00281631
38.65	0.0028271
38.7	0.00283525
38.75	0.00284174
38.8	0.00284676
38.85	0.00285033
38.9	0.00285321
38.95	0.00285581
39	0.00282308
39.05	0.00273402
39.1	0.00259776
39.15	0.00246074
39.2	0.00234866
39.25	0.00222995
39.3	0.00212242
39.35	0.00203111
39.4	0.00193055
39.45	0.0018361
39.5	0.0017548
39.55	0.00167048
39.6	0.00159351
39.65	0.00152651
39.7	0.00145789
39.75	0.00139697
39.8	0.00134524
39.85	0.00129314
39.9	0.00124659
39.95	0.00120614
40	0.00119454
40.05	0.00126424
40.1	0.00132392
40.15	0.00140964
40.2	0.00150962
40.25	0.00157009
40.3	0.00162336
40.35	0.00168047
40.4	0.0017217
40.45	0.00176696
40.5	0.00181387
40.55	0.00184466
40.6	0.00187367
40.65	0.00190169
40.7	0.00192002
40.75	0.00193831
40.8	0.00195351
40.85	0.00196085
40.9	0.00197043
40.95	0.00197915
41	0.00200891
41.05	0.00209486
41.1	0.00219712
41.15	0.00230483
41.2	0.00240495
41.25	0.00249063
41.3	0.00256437
41.35	0.00263075
41.4	0.00269284
41.45	0.00274876
41.5	0.00279508
41.55	0.00283312
41.6	0.00286525
41.65	0.00289194
41.7	0.00291464
41.75	0.00293436
41.8	0.00295056
41.85	0.00296405
41.9	0.0029763
41.95	0.00298709
42	0.00296119
42.05	0.00287474
42.1	0.00274551
42.15	0.00261206
42.2	0.0024999
42.25	0.00238532
42.3	0.00228112
42.35	0.00219126
42.4	0.00209411
42.45	0.00200135
42.5	0.00191987
42.55	0.00183668
42.6	0.00176016
42.65	0.00169285
42.7	0.00162489
42.75	0.00156414
42.8	0.00151251
42.85	0.00146137
42.9	0.00141519
42.95	0.00137503
43	0.00135399
43.05	0.00139462
43.1	0.00141534
43.15	0.00146049
43.2	0.00152475
43.25	0.00155153
43.3	0.00157485
43.35	0.00160568
43.4	0.00162012
43.45	0.00164037
43.5	0.00166578
43.55	0.00167617
43.6	0.00168691
43.65	0.00169913
43.7	0.00170221
43.75	0.00170696
43.8	0.00171076
43.85	0.00170723
43.9	0.001707
43.95	0.00170715
44	0.00173769
44.05	0.00184491
44.1	0.00197228
44.15	0.00210992
44.2	0.0022396
44.25	0.00234897
44.3	0.00244409
44.35	0.0025307
44.4	0.0026115
44.45	0.00268639
44.5	0.00275064
44.55	0.00280439
44.6	0.00285117
44.65	0.00289121
44.7	0.00292585
44.75	0.0029566
44.8	0.00298213
44.85	0.00300363
44.9	0.00302362
44.95	0.00304121
45	0.00302404
45.05	0.00294885
45.1	0.00283759
45.15	0.00271974
45.2	0.00261863
45.25	0.00251798
45.3	0.0024259
45.35	0.00234548
45.4	0.00225953
45.45	0.00217601
45.5	0.00210111
45.55	0.00202526
45.6	0.00195485
45.65	0.00189228
45.7	0.00182967
45.75	0.00177334
45.8	0.00172542
45.85	0.00167854
45.9	0.00163581
45.95	0.00159863
46	0.00156969
46.05	0.00157986
46.1	0.00156069
46.15	0.0015631
46.2	0.00158877
46.25	0.00158042
46.3	0.00157244
46.35	0.00157534
46.4	0.00156189
46.45	0.00155565
46.5	0.00155779
46.55	0.00154651
46.6	0.00153764
46.65	0.0015327
46.7	0.00151951
46.75	0.0015097
46.8	0.00150121
46.85	0.00148625
46.9	0.00147552
46.95	0.00146652
47	0.00149511
47.05	0.00161671
47.1	0.00175957
47.15	0.00191742
47.2	0.00206839
47.25	0.00219328
47.3	0.00230252
47.35	0.00240312
47.4	0.00249609
47.45	0.00258394
47.5	0.00266112
47.55	0.00272569
47.6	0.00278279
47.65	0.00283249
47.7	0.0028754
47.75	0.00291393
47.8	0.00294605
47.85	0.00297289
47.9	0.00299821
47.95	0.0030205
48	0.00301293
48.05	0.00295636
48.1	0.00287221
48.15	0.00278036
48.2	0.00270021
48.25	0.00262184
48.3	0.00254936
48.35	0.00248526
48.4	0.0024171
48.45	0.0023493
48.5	0.00228693
48.55	0.00222375
48.6	0.00216434
48.65	0.00211088
48.7	0.00205763
48.75	0.00200935
48.8	0.00196819
48.85	0.00192827
48.9	0.00189153
48.95	0.00185955
49	0.00182445
49.05	0.00180463
49.1	0.00174728
49.15	0.00170771
49.2	0.00169452
49.25	0.001652
49.3	0.00161347
49.35	0.00158866
49.4	0.00154812
49.45	0.00151571
49.5	0.00149439
49.55	0.00146162
49.6	0.00143317
49.65	0.00141088
49.7	0.00138152
49.75	0.00135711
49.8	0.0013363
49.85	0.00131011
49.9	0.00128895
49.95	0.00127081
50	0.00129475


